H#
-------------------------------------------------------
19.04
72.21
99738.19
48.00
0.00
0.00
WN

19.05
72.08
99733.02
48.10
0.56
0.00
WN

19.07
71.94
99730.28
48.20
0.00
0.00
WN

19.09
71.91
99730.28
48.00
0.00
0.00
WN

19.09
71.69
99737.06
48.00
0.14
0.00
WN

19.11
71.71
99730.99
48.00
0.00
0.00
W

19.18
72.67
99735.80
48.10
0.00
0.00
WNW

19.23
72.07
99733.02
48.10
0.00
0.00
WNW

19.24
71.75
99732.08
48.30
0.98
1.60
W

19.35
74.74
99732.45
48.20
0.00
0.00
W

H#
-------------------------------------------------------
19.17
71.82
99734.14
47.80
0.00
0.00
W

19.16
71.60
99732.45
47.80
0.00
0.00
W

19.18
71.80
99725.44
47.90
0.98
0.00
W

19.17
71.80
99725.52
48.00
0.00
0.00
W

19.17
71.70
99728.11
48.30
0.00
0.00
W

19.18
71.68
99729.80
48.50
0.00
0.00
W

19.19
71.66
99731.48
48.50
0.00
0.00
W

19.21
H#
-------------------------------------------------------
19.26
71.40
99728.59
48.20
0.00
0.00
W

19.28
71.39
99724.20
48.20
0.00
0.00
W

19.30
71.71
99734.41
48.20
0.00
0.00
W

19.33
71.37
99729.16
48.20
0.00
0.00
W

19.31
71.27
99728.40
48.10
0.00
0.00
W

19.36
71.27
99724.76
48.10
0.00
0.00
W

19.35
H#
-------------------------------------------------------
19.42
70.81
99729.56
48.30
0.28
0.00
W

19.43
70.79
99729.56
48.40
0.00
0.00
W

19.42
H#
-------------------------------------------------------
19.38
71.88
99730.61
48.50
0.00
0.00
W

19.37
71.89
99727.20
48.50
0.00
0.00
W

H#
-------------------------------------------------------
19.75
61.14
99975.95
48.00
0.00
0.00
WN

19.80
61.07
99978.29
48.00
0.00
0.00
WN

19.77
61.27
99975.81
48.10
0.00
0.00
WN

19.72
60.07
99975.23
48.20
0.00
0.00
WN

19.61
59.89
99983.40
48.40
0.00
0.00
WN

19.56
59.90
99973.25
48.20
0.00
0.00
WN

19.60
60.06
99974.80
48.40
0.00
0.00
WN

19.58
60.21
99977.53
48.70
1.68
0.00
WN

19.57
60.09
99979.26
48.70
0.42
0.00
WN

19.57
H#
-------------------------------------------------------
19.11
62.87
99988.97
48.30
0.00
0.00
WN

19.07
H#
-------------------------------------------------------
19.07
63.90
99997.77
48.50
0.14
0.00
WN

19.08
H#
-------------------------------------------------------
19.07
63.63
99994.34
48.80
0.00
0.00
WN

19.06
63.43
99990.86
48.70
0.56
0.00
WN

19.06
H#
-------------------------------------------------------
19.11
62.87
99981.14
48.50
3.51
0.00
WN

19.10
62.75
99985.55
48.50
0.42
0.00
WN

19.11
63.08
99988.91
48.50
0.00
0.00
WN

19.15
H#
-------------------------------------------------------
19.18
63.03
99990.36
48.50
0.00
0.00
WN

19.19
63.01
99984.31
48.50
1.54
0.00
WN

H#
-------------------------------------------------------
19.20
63.08
99979.07
48.50
0.00
0.00
WN

19.22
63.13
99985.04
48.60
0.00
0.00
WN

19.23
H#
-------------------------------------------------------
19.25
63.01
99994.36
48.40
0.00
0.00
WN

19.26
63.03
99985.77
48.40
0.00
0.00
WN

19.27
63.00
99983.11
48.30
3.37
0.00
WN

H#
-------------------------------------------------------
19.22
62.43
99976.38
48.40
0.00
0.00
WN

19.18
H#
-------------------------------------------------------
19.16
62.77
99982.76
48.40
0.00
0.00
WN

19.10
62.67
99979.48
48.60
0.00
0.00
WN

19.13
H#
-------------------------------------------------------
18.65
66.13
99960.61
47.80
0.00
0.00
WN

18.65
66.02
99967.50
48.00
1.96
0.00
WN

18.66
65.92
99963.20
48.10
0.00
0.00
WN

18.66
H#
-------------------------------------------------------
18.73
H#
-------------------------------------------------------
18.73
65.62
99975.73
48.50
0.00
0.00
WN

18.77
65.11
99972.19
48.70
0.00
0.00
WN

18.78
65.22
99973.05
48.60
0.00
0.00
WN

18.80
H#
-------------------------------------------------------
18.87
65.16
99970.10
48.30
0.00
0.00
WN

18.90
64.73
99976.07
48.30
0.14
0.00
WN

18.88
H#
-------------------------------------------------------
18.94
64.94
99975.84
48.30
0.70
0.00
WN

18.95
64.94
99981.84
48.30
0.42
0.00
WN

19.00
64.46
99974.74
48.30
0.00
0.00
WN

19.03
64.13
99972.08
48.30
0.14
0.00
WN

H#
-------------------------------------------------------
19.08
H#
-------------------------------------------------------
19.09
63.80
99970.09
48.50
0.00
0.00
WN

19.09
H#
-------------------------------------------------------
18.50
65.65
99997.39
47.70
0.00
0.00
WN
H#
-------------------------------------------------------
18.50
65.42
99993.02
48.10
0.00
0.00
WN
H#
-------------------------------------------------------
18.51
65.27
99985.27
48.10
0.00
0.00
WN

18.52
65.29
99988.67
48.30
0.00
0.00
WN

18.50
H#
-------------------------------------------------------
17.48
65.56
99957.99
48.10
0.00
0.00
WN

17.48
65.61
99957.99
48.20
1.40
0.00
WN

17.49
65.67
99955.41
48.30
0.00
0.00
WN

17.50
66.00
99955.36
48.30
0.00
0.00
WN

17.50
66.00
99956.22
48.50
0.42
0.00
WN

H#
-------------------------------------------------------
17.60
65.61
99948.98
48.10
0.00
0.00
WN

17.59
H#
-------------------------------------------------------
17.64
65.91
99951.45
48.10
0.14
0.00
WN

17.63
H#
-------------------------------------------------------
17.63
66.12
99943.77
48.30
0.00
0.00
WN

17.63
66.04
99946.28
48.50
0.00
1.60
W

17.71
67.82
99951.13
48.60
0.28
0.00
WSW

17.75
65.54
99945.84
48.60
0.00
9.60
WN

17.78
65.80
99955.22
48.70
0.00
13.60
WSW

17.79
65.87
99949.17
48.70
0.00
5.60
WSW

17.82
65.73
99952.46
48.80
0.56
0.00
WN

17.84
66.09
99946.41
48.80
0.00
0.80
WNW

17.86
65.38
99948.88
48.70
2.95
0.00
ENE

17.91
H#
-------------------------------------------------------
17.93
64.33
99951.27
48.20
0.00
0.00
E

17.92
64.54
99946.11
48.20
0.14
0.00
E

17.95
64.42
99947.73
48.30
0.00
0.00
E

17.96
64.28
99955.48
48.30
0.00
0.00
E

17.98
64.09
99951.95
48.30
0.00
0.00
E

18.01
64.11
99951.83
48.30
0.00
0.00
E

18.03
64.25
99944.91
48.30
0.00
0.00
E

18.02
64.40
99957.00
48.20
0.28
0.00
E

18.04
64.15
99949.19
48.30
0.00
0.00
E

18.05
H#
-------------------------------------------------------
18.09
63.65
99948.11
48.30
0.14
0.00
E

18.10
63.34
99952.39
48.40
0.00
0.00
E

18.09
63.47
99952.39
48.40
0.00
0.00
E

18.10
63.13
99955.80
48.50
0.14
0.00
E

18.09
63.13
99947.22
48.40
0.00
0.00
E

18.12
63.35
99950.57
48.40
0.00
0.00
E

18.10
63.58
99949.80
48.40
0.00
0.00
E

18.09
63.59
99953.28
48.40
0.00
0.00
E

18.06
63.70
99950.76
48.40
0.00
0.00
E

18.08
H#
-------------------------------------------------------
19.74
68.58
99224.61
48.00
0.00
0.00
WN

19.75
68.27
99227.11
48.10
0.00
0.00
WN

19.76
68.11
99225.34
48.10
0.00
0.00
WN

19.79
H#
-------------------------------------------------------
H#
-------------------------------------------------------
20.28
59.61
99804.15
47.60
0.28
0.00
W

20.26
59.48
99804.23
47.60
0.00
0.00
W

20.24
59.43
99805.13
47.70
0.00
0.00
W

20.24
59.54
99804.36
47.80
0.00
0.00
W

20.22
59.57
99800.94
47.90
0.56
0.00
W

20.23
59.79
99806.13
47.90
2.10
0.00
W

20.24
59.79
99799.13
47.90
2.52
0.00
W

20.24
60.01
99804.30
48.00
2.81
0.00
W

20.24
60.13
99802.63
48.10
0.56
0.00
W

20.23
H#
-------------------------------------------------------
H#
-------------------------------------------------------
20.26
60.35
99802.46
48.30
0.00
0.00
W

20.26
60.39
99804.15
48.60
1.40
0.00
W

20.28
60.36
99804.15
48.70
0.00
0.00
W

20.28
60.34
99804.98
48.40
0.42
0.00
W

20.29
60.24
99808.42
48.20
0.00
0.00
W

20.29
H#
-------------------------------------------------------
20.37
59.99
99803.70
48.50
0.00
0.00
W

20.38
H#
-------------------------------------------------------
20.48
59.35
99809.19
48.10
2.24
0.00
W

20.49
59.36
99805.69
48.10
0.00
0.00
W

20.51
H#
-------------------------------------------------------
20.54
58.86
99797.73
48.20
0.00
0.00
WN

20.56
58.83
99804.45
48.10
0.00
0.00
WN

20.57
58.97
99805.28
48.20
0.00
0.00
WN

20.55
58.58
99802.77
48.20
0.00
0.00
WN

20.56
58.74
99806.14
48.20
0.00
0.00
WN

20.56
58.76
99807.05
48.20
0.84
0.00
WN

20.59
59.23
99807.79
48.20
0.00
0.00
WN

20.62
59.32
99804.13
48.20
0.00
0.00
WN

20.62
59.18
99803.30
48.20
0.56
0.00
WN

20.65
H#
-------------------------------------------------------
20.62
58.83
99798.11
48.30
1.82
0.00
WN

20.62
58.83
99804.98
48.30
0.00
0.00
WN

20.65
58.79
99811.86
48.30
0.00
0.00
WN

20.65
58.60
99797.20
48.30
0.00
0.00
WN

20.63
58.69
99802.39
48.30
3.79
0.00
WN

20.66
58.58
99797.95
48.30
0.00
0.00
WN

20.66
58.57
99801.40
48.30
0.00
0.00
WN

20.66
58.66
99795.27
48.30
0.00
0.00
WN

20.68
58.65
99800.45
48.30
0.00
0.00
WN

20.67
58.60
99797.86
48.30
0.42
0.00
WN

20.68
58.71
99788.34
48.40
0.00
0.00
WN

20.68
58.70
99793.48
48.40
0.84
0.00
WN

20.69
58.75
99797.84
48.40
0.00
0.00
WN

20.68
58.73
99790.89
48.40
0.00
0.00
WN

20.70
H#
-------------------------------------------------------
20.70
58.85
99780.42
48.60
0.00
0.00
WN

20.71
58.88
99777.00
48.60
0.00
0.00
WN

20.72
58.85
99773.47
48.60
0.00
0.00
WN

20.71
58.88
99780.42
48.60
0.00
0.00
WN

20.71
59.02
99779.52
48.50
0.00
0.00
WN

20.72
58.76
99773.47
48.60
0.00
0.00
WN

20.71
58.87
99780.34
48.60
0.00
0.00
WN

20.71
58.75
99780.42
48.50
0.00
0.00
WN

20.70
58.98
99773.47
48.60
0.00
0.00
WN

20.71
H#
-------------------------------------------------------
20.73
58.89
99775.92
48.60
0.00
0.00
WN

20.75
58.83
99775.92
48.60
0.00
0.00
WN

20.75
58.87
99774.98
48.60
0.28
0.00
WN

20.75
58.85
99773.33
48.60
0.00
0.00
WN

20.75
58.87
99774.98
48.60
0.00
0.00
WN

20.74
58.82
99771.65
48.60
0.00
0.00
WN

20.75
58.87
99767.28
48.60
0.00
0.00
WN

20.75
58.74
99778.44
48.60
0.00
0.00
WN

20.75
58.91
99770.66
48.60
0.00
0.00
WN

20.76
H#
-------------------------------------------------------
20.78
59.07
99773.08
48.80
1.68
0.00
WN

20.78
59.07
99772.26
48.70
0.00
0.00
WN

20.78
59.05
99774.84
48.70
0.00
0.00
WN

20.78
59.08
99775.76
48.70
0.00
0.00
WN

20.78
59.05
99774.84
48.70
0.00
0.00
WN

20.78
59.14
99774.84
48.70
0.00
0.00
WN

20.77
59.18
99770.57
48.70
0.00
0.00
WN

20.79
59.01
99770.48
48.70
0.00
0.00
WN

20.78
59.01
99768.75
48.70
0.00
0.00
WN

20.78
59.13
99767.89
48.70
0.00
0.00
WN

H#
-------------------------------------------------------
20.53
63.84
99194.16
47.80
0.00
10.40
WN
H#
-------------------------------------------------------
20.56
64.00
99207.80
48.00
0.00
0.00
WN
